index radius fiPEG fiRNA psi
0 11.339289449053856 0.014999999999999998 0.16543917782634368 53.02747326221026
1 9.0 0.015 0.17807299682618613 38.841349694862096
2 11.339289449053856 0.014999999999999998 0.14695860385991305 62.73569161978902
3 11.339289449053856 0.014999999999999998 0.17374914731804564 48.127620277185116
4 11.339289449053856 0.014999999999999998 0.2054109924567285 26.699114799924395
5 12.980246132766672 0.014999999999999996 0.15358324989971947 63.65453377338988
6 11.339289449053856 0.014999999999999998 0.1291915326566818 70.53693682703107
7 11.339289449053856 0.014999999999999998 0.10352183640522018 79.37261035660377
8 9.0 0.015 0.02580066099350391 88.94234142458346
9 11.339289449053856 0.014999999999999998 0.17880318416516452 44.98994930041181
10 9.0 0.015 0.1351107077990283 60.097710921572535
11 11.339289449053856 0.014999999999999998 0.05904304101865755 89.24958635773473
12 11.339289449053856 0.014999999999999998 0.0952948933954461 81.66405535625539
13 12.980246132766672 0.014999999999999996 0.13858050094071825 70.79560532343491
14 9.0 0.015 0.11921556356654531 66.40507393125307
15 11.339289449053856 0.014999999999999998 0.06585006223716866 88.09722143674014
16 11.339289449053856 0.014999999999999998 0.16511331231772508 53.212925849404044
17 11.339289449053856 0.014999999999999998 0.09054051544470355 82.8815758063228
18 9.0 0.015 0.17698270031896124 39.45322828807225
19 12.980246132766672 0.014999999999999996 0.052015520587700106 92.71052641280959
20 9.0 0.015 0.2821930109490885 -27.304876470985445
21 11.339289449053856 0.014999999999999998 0.12404646103269666 72.52811850528978
22 11.339289449053856 0.014999999999999998 0.06415896671060854 88.39387545102501
23 11.339289449053856 0.014999999999999998 0.1706693594216286 49.98162397977804
24 11.339289449053856 0.014999999999999998 0.12094963901445971 73.67123352621014
25 12.980246132766672 0.014999999999999996 0.11376211434171463 80.02600799209154
26 11.339289449053856 0.014999999999999998 0.23097612450096766 7.08160072842528
27 9.0 0.015 0.2425712860929986 -1.7548992952270894
28 11.339289449053856 0.014999999999999998 0.12335142690453023 72.78825094443972
29 11.339289449053856 0.014999999999999998 0.17317679482618328 48.47552642477191
30 9.0 0.015 0.24164241628468888 -1.1393947979727326
31 12.980246132766672 0.014999999999999996 0.1456115496129123 67.60524312128048
32 11.339289449053856 0.014999999999999998 0.1170486571588321 75.05349225283526
33 11.339289449053856 0.014999999999999998 0.1940391946463585 34.853879615081055
34 11.339289449053856 0.014999999999999998 0.09397223345105088 82.01037580341695
35 11.339289449053856 0.014999999999999998 0.2033970403124272 28.17558406588802
36 11.339289449053856 0.014999999999999998 0.16915851376419194 50.87482959296415
37 11.339289449053856 0.014999999999999998 0.13565523737245608 67.86793002099763
38 12.980246132766672 0.014999999999999996 0.15196442058961235 64.48605476830053
39 11.339289449053856 0.014999999999999998 0.1525899928830188 59.95207514135026
40 11.339289449053856 0.014999999999999998 0.06343758974601992 88.5182977560889
41 9.0 0.015 0.08800590061746608 76.44668394869231
42 11.339289449053856 0.014999999999999998 0.17617859555489696 46.633976454274666
43 11.339289449053856 0.014999999999999998 0.07676929913926477 86.00464906317148
44 9.0 0.015 0.048710228226368786 85.30694990480163
45 11.339289449053856 0.014999999999999998 0.09743895057526052 81.08992045384092
46 11.339289449053856 0.014999999999999998 0.0 95.64227229666905
47 12.980246132766672 0.014999999999999996 0.11173769993863182 80.65142800525025
48 9.0 0.015 0.0473719007176699 85.5466397369138
49 11.339289449053856 0.014999999999999998 0.15257379159417409 59.96030254344937
50 11.339289449053856 0.014999999999999998 0.17545383662474198 47.08241484385114
51 9.0 0.015 0.0636242077730804 82.37819710166265
52 11.339289449053856 0.014999999999999998 0.09599374122432223 81.4786609311839
53 12.980246132766672 0.014999999999999996 0.13664997778231797 71.62473500823255
54 9.0 0.015 0.13224464155873786 61.29736607470384
55 11.339289449053856 0.014999999999999998 0.2306145043133425 7.366805372253493
56 11.339289449053856 0.014999999999999998 0.1951276517216967 34.0934878352313
57 9.0 0.015 0.0 92.01739626987211
58 11.339289449053856 0.014999999999999998 0.11829810913163492 74.61767598336937
59 11.339289449053856 0.014999999999999998 0.30774925113817836 -49.12760202550282
60 9.0 0.015 0.23689921183455773 2.0039837043143507
61 9.0 0.015 0.15980324147371996 48.61591724568327
62 9.0 0.015 -0.10412878226687046 97.93049946554417
63 9.0 0.015 0.2651977619274898 -16.5964831409302
64 12.980246132766672 0.014999999999999996 0.21779891503073573 19.04320973319595
65 9.0 0.015 0.0 92.01739626987211
66 12.980246132766672 0.014999999999999996 0.09978113589933138 83.99965403063909
67 9.0 0.015 0.0 92.01739626987211
68 9.0 0.015 0.3105564047205405 -43.669675141664136
69 11.339289449053856 0.014999999999999998 0.04308078634004193 91.55198392873078
70 9.0 0.015 0.483436014041621 -92.37418457451423
71 9.0 0.015 0.0 92.01739626987211
72 11.339289449053856 0.014999999999999998 0.11040759563173329 77.26341598609324
73 9.0 0.015 0.06043470541370152 83.04585428068961
74 11.339289449053856 0.014999999999999998 0.12064825538940226 73.78029970703471
75 12.980246132766672 0.014999999999999996 0.16334542113549072 58.31872247088048
76 11.339289449053856 0.014999999999999998 0.24299507440469986 -2.434954417969642
77 11.339289449053856 0.014999999999999998 0.09784277036284028 80.97999977235833
78 9.0 0.015 0.037277509832905 87.24131884199858
79 11.339289449053856 0.014999999999999998 0.1288196473980923 70.68477224781849
80 11.339289449053856 0.014999999999999998 0.10910518282373308 77.67627644225759
81 11.339289449053856 0.014999999999999998 0.12944212177683853 70.43697280103636
82 11.339289449053856 0.014999999999999998 0.09617229955806106 81.43102269010909
83 9.0 0.015 0.1919101931906731 30.789679696928086
84 11.339289449053856 0.014999999999999998 0.07048370523695714 87.24761825620216
85 9.0 0.015 0.0 92.01739626987211
86 11.339289449053856 0.014999999999999998 0.19310565188629983 35.50241865846106
87 11.339289449053856 0.014999999999999998 0.09395210582171971 82.01560013501211
88 11.339289449053856 0.014999999999999998 0.17161611522959538 49.41641828095689
89 9.0 0.015 0.0 92.01739626987211
90 9.0 0.015 0.0 92.01739626987211
91 11.339289449053856 0.014999999999999998 0.06093063361646512 88.94101760258364
92 9.0 0.015 0.3303844738271048 -53.67350691849686
93 9.0 0.015 0.0 92.01739626987211
94 11.339289449053856 0.014999999999999998 0.13944322994060454 66.21481783235403
95 11.339289449053856 0.014999999999999998 0.06685313089574882 87.91792062570843
96 9.0 0.015 0.08626517714191614 76.92194407630295
97 11.339289449053856 0.014999999999999998 0.13172444428112115 69.51357407078483
98 12.980246132766672 0.014999999999999996 0.11814795889780076 78.60913934491504
99 9.0 0.015 0.14383741221036678 56.27417496448841
100 9.0 0.015 0.0 92.01739626987211
101 9.0 0.015 0.0 92.01739626987211
102 9.0 0.015 0.0 92.01739626987211
103 9.0 0.015 0.0 92.01739626987211
104 9.0 0.015 0.0 92.01739626987211
105 9.0 0.015 0.0 92.01739626987211
106 9.0 0.015 0.0 92.01739626987211
107 9.0 0.015 0.0 92.01739626987211
108 9.0 0.015 0.0 92.01739626987211
109 9.0 0.015 0.0 92.01739626987211
110 11.339289449053856 0.014999999999999998 0.0 95.64227229666905
111 9.0 0.015 0.0 92.01739626987211
112 9.0 0.015 0.0 92.01739626987211
113 9.0 0.015 0.0 92.01739626987211
114 9.0 0.015 0.0 92.01739626987211
115 9.0 0.015 0.0 92.01739626987211
116 11.339289449053856 0.014999999999999998 0.0 95.64227229666905
117 9.0 0.015 0.0 92.01739626987211
118 9.0 0.015 0.0 92.01739626987211
119 9.0 0.015 0.0 92.01739626987211
120 9.0 0.015 0.0 92.01739626987211
121 9.0 0.015 0.0 92.01739626987211
122 9.0 0.015 0.0 92.01739626987211
123 9.0 0.015 0.0 92.01739626987211
124 9.0 0.015 0.0 92.01739626987211
125 11.339289449053856 0.014999999999999998 0.0 95.64227229666905
126 9.0 0.015 0.0 92.01739626987211
127 9.0 0.015 0.0 92.01739626987211
128 11.339289449053856 0.014999999999999998 0.0 95.64227229666905
129 9.0 0.015 0.0 92.01739626987211
130 9.0 0.015 0.0 92.01739626987211
131 9.0 0.015 0.0 92.01739626987211
132 9.0 0.015 0.0 92.01739626987211
133 9.0 0.015 0.0 92.01739626987211
134 9.0 0.015 0.0 92.01739626987211
135 9.0 0.015 0.0 92.01739626987211
136 9.0 0.015 0.0 92.01739626987211
137 9.0 0.015 0.0 92.01739626987211
138 9.0 0.015 0.0 92.01739626987211
139 9.0 0.015 0.0 92.01739626987211
140 9.0 0.015 0.0 92.01739626987211
141 9.0 0.015 0.0 92.01739626987211
142 9.0 0.015 0.0 92.01739626987211
143 9.0 0.015 0.0 92.01739626987211
144 9.0 0.015 0.0 92.01739626987211
145 9.0 0.015 0.0 92.01739626987211
146 9.0 0.015 0.0 92.01739626987211
147 9.0 0.015 0.0 92.01739626987211
148 9.0 0.015 0.0 92.01739626987211
149 9.0 0.015 0.0 92.01739626987211
150 9.0 0.015 0.0 92.01739626987211
151 9.0 0.015 0.0 92.01739626987211
152 9.0 0.015 0.0 92.01739626987211
153 11.339289449053856 0.014999999999999998 0.0 95.64227229666905
154 9.0 0.015 0.0 92.01739626987211
155 9.0 0.015 0.0 92.01739626987211
156 9.0 0.015 0.0 92.01739626987211
157 9.0 0.015 0.0 92.01739626987211
158 9.0 0.015 0.0 92.01739626987211
159 9.0 0.015 0.0 92.01739626987211
160 9.0 0.015 0.0 92.01739626987211
161 9.0 0.015 0.0 92.01739626987211
162 11.339289449053856 0.014999999999999998 0.0 95.64227229666905
163 9.0 0.015 0.0 92.01739626987211
164 9.0 0.015 0.0 92.01739626987211
165 11.339289449053856 0.014999999999999998 0.0 95.64227229666905
166 9.0 0.015 0.0 92.01739626987211
167 9.0 0.015 0.0 92.01739626987211
168 9.0 0.015 0.0 92.01739626987211
169 9.0 0.015 0.0 92.01739626987211
170 9.0 0.015 0.0 92.01739626987211
171 9.0 0.015 0.0 92.01739626987211
172 9.0 0.015 0.0 92.01739626987211
173 9.0 0.015 0.0 92.01739626987211
174 9.0 0.015 0.0 92.01739626987211
175 9.0 0.015 0.0 92.01739626987211
176 11.339289449053856 0.014999999999999998 0.0 95.64227229666905
177 9.0 0.015 0.0 92.01739626987211
178 9.0 0.015 0.0 92.01739626987211
179 9.0 0.015 0.0 92.01739626987211
180 9.0 0.015 0.0 92.01739626987211
181 9.0 0.015 0.0 92.01739626987211
182 9.0 0.015 0.0 92.01739626987211
183 11.339289449053856 0.014999999999999998 0.0 95.64227229666905
184 9.0 0.015 0.0 92.01739626987211
185 9.0 0.015 0.0 92.01739626987211
186 9.0 0.015 0.0 92.01739626987211
187 9.0 0.015 0.0 92.01739626987211
188 9.0 0.015 0.0 92.01739626987211
189 9.0 0.015 0.0 92.01739626987211
190 9.0 0.015 0.0 92.01739626987211
191 9.0 0.015 0.0 92.01739626987211
192 9.0 0.015 0.0 92.01739626987211
193 9.0 0.015 0.0 92.01739626987211
194 9.0 0.015 0.0 92.01739626987211
195 9.0 0.015 0.0 92.01739626987211
196 9.0 0.015 0.0 92.01739626987211
197 9.0 0.015 0.0 92.01739626987211
198 9.0 0.015 0.0 92.01739626987211
199 9.0 0.015 0.0 92.01739626987211
200 9.0 0.015 0.0 92.01739626987211
201 9.0 0.015 0.0 92.01739626987211
202 9.0 0.015 0.0 92.01739626987211
203 9.0 0.015 0.0 92.01739626987211
204 9.0 0.015 0.0 92.01739626987211
205 9.0 0.015 0.0 92.01739626987211
206 9.0 0.015 0.0 92.01739626987211
207 9.0 0.015 0.0 92.01739626987211
208 9.0 0.015 0.0 92.01739626987211
209 9.0 0.015 0.0 92.01739626987211
210 9.0 0.015 0.0 92.01739626987211
211 11.339289449053856 0.014999999999999998 0.0 95.64227229666905
212 11.339289449053856 0.014999999999999998 0.0 95.64227229666905
213 9.0 0.015 0.0 92.01739626987211
214 9.0 0.015 0.0 92.01739626987211
215 11.339289449053856 0.014999999999999998 0.0 95.64227229666905
216 9.0 0.015 0.0 92.01739626987211
217 9.0 0.015 0.0 92.01739626987211
218 9.0 0.015 0.0 92.01739626987211
219 11.339289449053856 0.014999999999999998 0.0 95.64227229666905
220 9.0 0.015 0.0 92.01739626987211
221 9.0 0.015 0.0 92.01739626987211
222 9.0 0.015 0.0 92.01739626987211
223 9.0 0.015 0.0 92.01739626987211
224 9.0 0.015 0.0 92.01739626987211
225 9.0 0.015 0.0 92.01739626987211
226 9.0 0.015 0.0 92.01739626987211
227 12.980246132766672 0.014999999999999996 0.0 96.99013179474524
228 9.0 0.015 0.0 92.01739626987211
229 9.0 0.015 0.0 92.01739626987211
230 9.0 0.015 0.0 92.01739626987211
231 9.0 0.015 0.0 92.01739626987211
232 9.0 0.015 0.0 92.01739626987211
233 9.0 0.015 0.0 92.01739626987211
234 9.0 0.015 0.0 92.01739626987211
235 9.0 0.015 0.0 92.01739626987211
236 9.0 0.015 0.0 92.01739626987211
237 9.0 0.015 0.0 92.01739626987211
238 9.0 0.015 0.0 92.01739626987211
239 9.0 0.015 0.0 92.01739626987211
240 9.0 0.015 0.0 92.01739626987211
241 9.0 0.015 0.0 92.01739626987211
242 9.0 0.015 0.0 92.01739626987211
243 9.0 0.015 0.0 92.01739626987211
244 11.339289449053856 0.014999999999999998 0.0 95.64227229666905
245 11.339289449053856 0.014999999999999998 0.0 95.64227229666905
246 9.0 0.015 0.0 92.01739626987211
247 9.0 0.015 0.0 92.01739626987211
248 9.0 0.015 0.0 92.01739626987211
249 9.0 0.015 0.0 92.01739626987211
250 9.0 0.015 0.0 92.01739626987211
251 9.0 0.015 0.0 92.01739626987211
252 9.0 0.015 0.0 92.01739626987211
253 9.0 0.015 0.0 92.01739626987211
254 9.0 0.015 0.0 92.01739626987211
255 11.339289449053856 0.014999999999999998 0.0 95.64227229666905
256 9.0 0.015 0.0 92.01739626987211
257 9.0 0.015 0.0 92.01739626987211
258 9.0 0.015 0.0 92.01739626987211
259 9.0 0.015 0.0 92.01739626987211
260 9.0 0.015 0.0 92.01739626987211
261 9.0 0.015 0.0 92.01739626987211
262 9.0 0.015 0.0 92.01739626987211
263 9.0 0.015 0.0 92.01739626987211
264 9.0 0.015 0.0 92.01739626987211
265 9.0 0.015 0.0 92.01739626987211
266 9.0 0.015 0.0 92.01739626987211
267 9.0 0.015 0.0 92.01739626987211
268 9.0 0.015 0.0 92.01739626987211
269 9.0 0.015 0.0 92.01739626987211
270 9.0 0.015 0.0 92.01739626987211
271 9.0 0.015 0.0 92.01739626987211
272 9.0 0.015 0.0 92.01739626987211
273 9.0 0.015 0.0 92.01739626987211
274 9.0 0.015 0.0 92.01739626987211
275 9.0 0.015 0.0 92.01739626987211
276 9.0 0.015 0.0 92.01739626987211
277 9.0 0.015 0.0 92.01739626987211
278 9.0 0.015 0.0 92.01739626987211
279 9.0 0.015 0.0 92.01739626987211
280 11.339289449053856 0.014999999999999998 0.0 95.64227229666905
281 9.0 0.015 0.0 92.01739626987211
282 9.0 0.015 0.0 92.01739626987211
283 9.0 0.015 0.0 92.01739626987211
284 9.0 0.015 0.0 92.01739626987211
285 9.0 0.015 0.0 92.01739626987211
286 9.0 0.015 0.0 92.01739626987211
287 9.0 0.015 0.0 92.01739626987211
288 9.0 0.015 0.0 92.01739626987211
289 9.0 0.015 0.0 92.01739626987211
290 9.0 0.015 0.0 92.01739626987211
291 9.0 0.015 0.0 92.01739626987211
292 9.0 0.015 0.0 92.01739626987211
293 9.0 0.015 0.0 92.01739626987211
294 9.0 0.015 0.0 92.01739626987211
295 9.0 0.015 0.0 92.01739626987211
296 9.0 0.015 0.0 92.01739626987211
297 9.0 0.015 0.0 92.01739626987211
298 9.0 0.015 0.0 92.01739626987211
299 9.0 0.015 0.0 92.01739626987211
300 9.0 0.015 0.0 92.01739626987211
301 9.0 0.015 0.0 92.01739626987211
302 9.0 0.015 0.0 92.01739626987211
303 9.0 0.015 0.0 92.01739626987211
304 9.0 0.015 0.0 92.01739626987211
305 9.0 0.015 0.0 92.01739626987211
306 9.0 0.015 0.0 92.01739626987211
307 9.0 0.015 0.0 92.01739626987211
308 9.0 0.015 0.0 92.01739626987211
309 9.0 0.015 0.0 92.01739626987211
310 9.0 0.015 0.0 92.01739626987211
311 9.0 0.015 0.0 92.01739626987211
312 9.0 0.015 0.0 92.01739626987211
313 9.0 0.015 0.0 92.01739626987211
314 9.0 0.015 0.0 92.01739626987211
315 9.0 0.015 0.0 92.01739626987211
316 9.0 0.015 0.0 92.01739626987211
317 9.0 0.015 0.0 92.01739626987211
318 9.0 0.015 0.0 92.01739626987211
319 9.0 0.015 0.0 92.01739626987211
320 9.0 0.015 0.0 92.01739626987211
321 9.0 0.015 0.0 92.01739626987211
322 9.0 0.015 0.0 92.01739626987211
323 9.0 0.015 0.0 92.01739626987211
324 9.0 0.015 0.0 92.01739626987211
325 9.0 0.015 0.0 92.01739626987211
326 9.0 0.015 0.0 92.01739626987211
327 9.0 0.015 0.0 92.01739626987211
328 9.0 0.015 0.0 92.01739626987211
329 9.0 0.015 0.0 92.01739626987211
330 9.0 0.015 0.0 92.01739626987211
331 9.0 0.015 0.0 92.01739626987211
332 9.0 0.015 0.0 92.01739626987211
333 9.0 0.015 0.0 92.01739626987211
334 9.0 0.015 0.0 92.01739626987211
335 9.0 0.015 0.0 92.01739626987211
336 9.0 0.015 0.0 92.01739626987211
337 9.0 0.015 0.0 92.01739626987211
338 9.0 0.015 0.0 92.01739626987211
339 9.0 0.015 0.0 92.01739626987211
340 9.0 0.015 0.0 92.01739626987211
341 9.0 0.015 0.0 92.01739626987211
342 9.0 0.015 0.0 92.01739626987211
343 9.0 0.015 0.0 92.01739626987211
344 9.0 0.015 0.0 92.01739626987211
345 9.0 0.015 0.0 92.01739626987211
346 9.0 0.015 0.0 92.01739626987211
347 9.0 0.015 0.0 92.01739626987211
348 9.0 0.015 0.0 92.01739626987211
349 9.0 0.015 0.0 92.01739626987211
350 9.0 0.015 0.0 92.01739626987211
351 9.0 0.015 0.0 92.01739626987211
352 9.0 0.015 0.0 92.01739626987211
353 9.0 0.015 0.0 92.01739626987211
354 9.0 0.015 0.0 92.01739626987211
355 9.0 0.015 0.0 92.01739626987211
356 9.0 0.015 0.0 92.01739626987211
357 9.0 0.015 0.0 92.01739626987211
358 9.0 0.015 0.0 92.01739626987211
359 9.0 0.015 0.0 92.01739626987211
360 9.0 0.015 0.0 92.01739626987211
361 9.0 0.015 0.0 92.01739626987211
362 9.0 0.015 0.0 92.01739626987211
363 9.0 0.015 0.0 92.01739626987211
364 9.0 0.015 0.0 92.01739626987211
365 9.0 0.015 0.0 92.01739626987211
366 9.0 0.015 0.0 92.01739626987211
367 9.0 0.015 0.0 92.01739626987211
368 9.0 0.015 0.0 92.01739626987211
369 9.0 0.015 0.0 92.01739626987211
370 9.0 0.015 0.0 92.01739626987211
371 9.0 0.015 0.0 92.01739626987211
372 9.0 0.015 0.0 92.01739626987211
373 9.0 0.015 0.0 92.01739626987211
374 11.339289449053856 0.014999999999999998 0.0 95.64227229666905
375 9.0 0.015 0.0 92.01739626987211
376 9.0 0.015 0.0 92.01739626987211
377 9.0 0.015 0.0 92.01739626987211
378 9.0 0.015 0.0 92.01739626987211
379 9.0 0.015 0.0 92.01739626987211
380 9.0 0.015 0.0 92.01739626987211
381 9.0 0.015 0.0 92.01739626987211
382 9.0 0.015 0.0 92.01739626987211
383 9.0 0.015 0.0 92.01739626987211
384 9.0 0.015 0.0 92.01739626987211
385 9.0 0.015 0.0 92.01739626987211
386 9.0 0.015 0.0 92.01739626987211
387 9.0 0.015 0.0 92.01739626987211
388 9.0 0.015 0.0 92.01739626987211
389 9.0 0.015 0.0 92.01739626987211
390 9.0 0.015 0.0 92.01739626987211
391 9.0 0.015 0.0 92.01739626987211
392 9.0 0.015 0.0 92.01739626987211
393 9.0 0.015 0.0 92.01739626987211
394 9.0 0.015 0.0 92.01739626987211
395 9.0 0.015 0.0 92.01739626987211
396 9.0 0.015 0.0 92.01739626987211
397 9.0 0.015 0.0 92.01739626987211
398 9.0 0.015 0.0 92.01739626987211
399 9.0 0.015 0.0 92.01739626987211
400 9.0 0.015 0.0 92.01739626987211
401 9.0 0.015 0.0 92.01739626987211
402 9.0 0.015 0.0 92.01739626987211
403 9.0 0.015 0.0 92.01739626987211
404 9.0 0.015 0.0 92.01739626987211
405 9.0 0.015 0.0 92.01739626987211
406 9.0 0.015 0.0 92.01739626987211
407 9.0 0.015 0.0 92.01739626987211
408 9.0 0.015 0.0 92.01739626987211
409 9.0 0.015 0.0 92.01739626987211
410 9.0 0.015 0.0 92.01739626987211
411 9.0 0.015 0.0 92.01739626987211
412 9.0 0.015 0.0 92.01739626987211
413 9.0 0.015 0.0 92.01739626987211
414 9.0 0.015 0.0 92.01739626987211
415 9.0 0.015 0.0 92.01739626987211
416 9.0 0.015 0.0 92.01739626987211
417 9.0 0.015 0.0 92.01739626987211
418 9.0 0.015 0.0 92.01739626987211
419 9.0 0.015 0.0 92.01739626987211
420 9.0 0.015 0.0 92.01739626987211
421 9.0 0.015 0.0 92.01739626987211
422 9.0 0.015 0.0 92.01739626987211
423 9.0 0.015 0.0 92.01739626987211
424 9.0 0.015 0.0 92.01739626987211
425 9.0 0.015 0.0 92.01739626987211
426 9.0 0.015 0.0 92.01739626987211
427 9.0 0.015 0.0 92.01739626987211
428 9.0 0.015 0.0 92.01739626987211
429 9.0 0.015 0.0 92.01739626987211
430 9.0 0.015 0.0 92.01739626987211
431 9.0 0.015 0.0 92.01739626987211
432 9.0 0.015 0.0 92.01739626987211
433 9.0 0.015 0.0 92.01739626987211
434 9.0 0.015 0.0 92.01739626987211
435 9.0 0.015 0.0 92.01739626987211
436 9.0 0.015 0.0 92.01739626987211
437 9.0 0.015 0.0 92.01739626987211
438 9.0 0.015 0.0 92.01739626987211
439 9.0 0.015 0.0 92.01739626987211
440 9.0 0.015 0.0 92.01739626987211
441 9.0 0.015 0.0 92.01739626987211
442 9.0 0.015 0.0 92.01739626987211
443 9.0 0.015 0.0 92.01739626987211
444 9.0 0.015 0.0 92.01739626987211
445 9.0 0.015 0.0 92.01739626987211
446 9.0 0.015 0.0 92.01739626987211
447 9.0 0.015 0.0 92.01739626987211
448 9.0 0.015 0.0 92.01739626987211
449 9.0 0.015 0.0 92.01739626987211
450 9.0 0.015 0.0 92.01739626987211
451 9.0 0.015 0.0 92.01739626987211
452 9.0 0.015 0.0 92.01739626987211
453 9.0 0.015 0.0 92.01739626987211
454 9.0 0.015 0.0 92.01739626987211
455 11.339289449053856 0.014999999999999998 0.0 95.64227229666905
456 9.0 0.015 0.0 92.01739626987211
457 9.0 0.015 0.0 92.01739626987211
458 9.0 0.015 0.0 92.01739626987211
459 9.0 0.015 0.0 92.01739626987211
460 9.0 0.015 0.0 92.01739626987211
461 9.0 0.015 0.0 92.01739626987211
462 9.0 0.015 0.0 92.01739626987211
463 9.0 0.015 0.0 92.01739626987211
464 9.0 0.015 0.0 92.01739626987211
465 9.0 0.015 0.0 92.01739626987211
466 9.0 0.015 0.0 92.01739626987211
467 9.0 0.015 0.0 92.01739626987211
468 9.0 0.015 0.0 92.01739626987211
469 9.0 0.015 0.0 92.01739626987211
470 9.0 0.015 0.0 92.01739626987211
471 9.0 0.015 0.0 92.01739626987211
472 9.0 0.015 0.0 92.01739626987211
473 9.0 0.015 0.0 92.01739626987211
474 9.0 0.015 0.0 92.01739626987211
475 9.0 0.015 0.0 92.01739626987211
476 9.0 0.015 0.0 92.01739626987211
477 9.0 0.015 0.0 92.01739626987211
478 9.0 0.015 0.0 92.01739626987211
479 9.0 0.015 0.0 92.01739626987211
480 9.0 0.015 0.0 92.01739626987211
481 9.0 0.015 0.0 92.01739626987211
482 9.0 0.015 0.0 92.01739626987211
483 9.0 0.015 0.0 92.01739626987211
484 9.0 0.015 0.0 92.01739626987211
485 9.0 0.015 0.0 92.01739626987211
486 9.0 0.015 0.0 92.01739626987211
487 9.0 0.015 0.0 92.01739626987211
488 9.0 0.015 0.0 92.01739626987211
489 9.0 0.015 0.0 92.01739626987211
490 9.0 0.015 0.0 92.01739626987211
491 9.0 0.015 0.0 92.01739626987211
492 9.0 0.015 0.0 92.01739626987211
493 9.0 0.015 0.0 92.01739626987211
494 9.0 0.015 0.0 92.01739626987211
495 9.0 0.015 0.0 92.01739626987211
496 9.0 0.015 0.0 92.01739626987211
497 9.0 0.015 0.0 92.01739626987211
498 9.0 0.015 0.0 92.01739626987211
499 9.0 0.015 0.0 92.01739626987211
